19852730599
13572475475
18983611992
13880389499
17711311129
15592703796
17539010051
18266130113
18320645576
15503788551
15583562903
17670402840
13592912251
18837122513
18221898376
13072969987
18288333721
13873865694
13285168310
15527155570
18079715389
15883876623
17729175369
17879020884
17521587982
16608741121
13211723900
19923442525
15701982882
15687633712
13724453631
15885950483
18487006782
18709903460
15170379722
15942319978
15870956770
13059376846
15353449790
17320085091
18272114225
18388667943
15077523752
19852730599
13572475475
18983611992
13880389499
17711311129
15592703796
17539010051
18266130113
18320645576
15503788551
15583562903
17670402840
13592912251
18837122513
18221898376
13072969987
18288333721
13873865694
13285168310
15527155570
18079715389
15883876623
17729175369
17879020884
17521587982
16608741121
13211723900
19923442525
15701982882
15687633712
13724453631
15885950483
18487006782
18709903460
15170379722
15942319978
15870956770
13059376846
15353449790
17320085091
18272114225
18388667943
15077523752
15539600493
13419754480
15308821967
13988087806
15822564476
18673840407
13920224437
13481552719
17508992013
18670412587
13844085468
15232484489
15232444968
15231827373
13519283390
15287148791
15109734948
15008125434
17880957131
18917095296
14797560805
18404962405
18929159737
19955048529
18858419551
17608949305
17398900988
13894431315
17696748133
18236509899
17513202357
17628355990
18383813344
18349758011
15239073624
16631101131
15880167232
14797667387
18689952778
18467040653
13842234177
17879639440
17392329634
18883797580
13479665863
15074342493
18318833016
17759914561
17683722800
19898791293
13163395633
15769170695
18062607400
15207892549
19877954641
15778437120
18278477110
17607534935
18309851321
13557973720
18138858112
13507847245
18729475085
18279656457
13098705172
15884369697
15126887132
15232492112
17387710607
13480306514
18651013644
13411528617
17777332896
17634484679
15580147030
18654832560
18218464463
15724499311
15066472070
15878171604
17634526608
17625107726
18551058904
15606194269
13270426072
18651574386
18601462180
18551055747
18651015844
18661292176
18273379531
19142937847
19178396371
17632103189
15708201425
16678533372
17323704549
18467058038
17748680634
17538389192
13011865156
18305675251
18226430951
13991324712
17877601307
18831535244
18738409589
13729367398
18276083146
17634408045
18507390614
13223261569
17777394474
17377992016
17328911950
19155049036
18174962704
15955000112
15899090116
17347577747
15873885074
18671869235
15283590590
18987344523
17513132041
18589802908
15129018494
13479550490
13051112113
18177704219
13242052748
13450181282
13217689853
13186391234
17869032868
17710739555
13537498320
13521044784
15293463695
18867929571
18532104839
13221268051
17607083176
13974218630
17634480018
19974833010
15768222130
15309728608
14797683357
13108574706
18467049757
15232584673
18276996293
15168037872
15937835888
15937835888
17639393362
19948694084
18559580553
16651142815
13457099978
18897344912
13108618617
15709747679
15768298619
18391496156
18683366613
13627845362
13860435838
18869601255
17611645593
15212191597
13088376660
13915219626
15610145068
18161223365
19950878049
13646043666
15939334788
13688360205
18977714955
15183645629
13779329762
18183587332
13957552002
19150737732
13277383361
18976883076
13274602588
18455036683
14715157384
18467048019
18687348736
19141292430
17775449921
16670415331
15127431831
15186865610
13869545079
13591185881
17323339281
19167523763
13548258084
13788584282
15250121285
15127411539
13238776062
13005110727
14797052924
17350095582
18260357261
17330918056
17322200225
19931183862
13413123562
13484403182
13295069207
15323086187
15676586880
13273060823
15729596841
17552662140
17742806191
18408491519
13635460971
13733519666
13963833060
18555062504
17745461290
13314027483
19892630887
18780641957
17328375132
17603044730
15002733282
16607714645
15180007301
15549975885
18656895578
17623014447
17880524414
15599080840
15294523403
18212396374
13107699292
15518323210
13529666681
18601674836
17596934564
13228210985
13515814291
13733448868
13778558734
17621271719
13787948761
13147135992
18906599344
13699460125
15993379790
15502282897
13071035207
18320142459
16736814666
17625105601
16619720889
18585366316
18377582640
15232485032
17383521257
15687687408
15127514705
15232475452
13887553872
17836522334
18111297205
15809940810
13553833745
19117508956
18261606510
13397876946
13436147241
15802841965
15576337593
15675245771
18055141210
18392724685
15755612576
18380397369
19116079733
18566905724
17784760073
19960802240
15899143452
13202766591
18111032085
18870701800
13257090010
15521553369
15645295991
17664222216
13268596455
18978950943
17777255073
17726429918
13299437971
15685182554
18194090427
13697300314
17670448536
15014131117
18571404862
13267482450
18378128480
13025684239
18622693735
13550076521
13329625619
19803031182
15675122343
13416896621
18764342493
13170595260
15767699669
18381319218
13035926641
13157488029
15366317299
18256203071
15296506104
18132962153
18794823929
13875508382
18683337561
13435412266
15826112408
18589667480
15235727294
18057397938
18876619613
18897682406
13286294902
18897344185
17341608806
13550454841
15818374017
13785095555
15127424920
17774854338
18711591396
18396179231
18259189336
15911758740
18177195730
18094254071
18062452316
18577616423
15212125390
15014533460
18170851042
18176684811
18538597325
18073575010
18981474939
18802096985
18508761370
19949629190
17664038530
13105139862
18175543850
18763700840
13728342361
15867223797
15687869676
15274867122
18550863338
18048626483
17585486836
18718243413
18675013565
18319237072
18275543469
17875289900
17825222069
13396291116
18236610551
18739122021
13405120779
17363813440
17666572346
18516333785
17378015256
17865488083
17563329563
15765961525
17530956072
14797681965
15909744097
18002404599
13249073396
18832524429
15088147344
15093619571
17174455990
18170678727
18535241955
15673368033
17387055074
18071408362
15547617362
18079093684
15095584124
13721856140
17789893286
18876044450
17307063570
15807548779
17376178737
17333100139
18669106274
13417076162
17634992765
13348687420
13457862072
16639000631
18313836487
18936106953
15925302846
19967153076
15706876905
15344477703
17320462403
18226089600
17684136292
15982477371
18090105755
13108408615
18336203088
19875893631
13124068393
18776326764
13766618893
13333314999
13553763840
17630945492
18740249329
17547428549
17766334487
18018350036
18262983853
18230510355
18315028066
13843306411
13060689127
17635739208
15251661920
13476102802
18571489381
15525082100
13148610226
15831591286
13067998979
17783204198
15708242679
17154190455
15505611760
18995374963
18133393089
13301503625
15118554876
13055335277
15526746921
18279514430
17739558383
15287695582
18869453068
15099418532
16670254200
17639393374
13656116024
17823212520
18257696842
17550205818
18381558675
13118771014
17882382617
18974437571
18571584213
18501978098
18091723063
18397502712
15693886123
15693886123
13164470976
13375097640
19809297235
18389221310
18743322480
13022526364
13822011150
19994568684
13508557081
17880615740
18172984696
13799788022
18250042960
17691339764
13208748202
18392009028
17606871992
18235150813
16683089568
15928733561
13059351153
18079081848
13238991888
15881425768
15192200161
18178516536
18322860013
17770173645
19942118814
15080233750
15299566708
16608978663
17823686032
18077410101
18374633796
18826781428
18559647757
18020940979
17359760079
13187382520
13186265873
15180365240
15825219582
19991498764
18241909061
18003807509
13508306623
18573371187
16675892602
17609568586
18580362928
15259756113
15892302525
18115481752
13458259200
15221289350
13048537523
18246066780
18392528845
15384917566
15577585532
15206509711
15822162660
15028779280
13295570036
18007350555
13915334539
13500277107
17324057152
17380067590
15920082343
15061816539
15344134947
17611303059
18625361321
18150868103
18626363742
15591164283
17689840390
13096125453
18174332946
18252710860
15334455547
15349366455
18383202731
18673487230
18083234815
15601967840
18090966647
13242724661
16608273931
18272167989
18308724885
18172644157
13112820706
19828351845
15014926856
16652271837
15778765589
13834312034
18907087324
17387296459
15706974968
13251366864
15583548685
17606029021
18278608225
15398433590
18579435947
15288674117
15584279717
13438144990
13962405957
19108156202
15829008021
18687373049
18277513443
13675054640
17049036512
18363075321
18208136435
19948964573
18573444250
18777339007
13697479655
18740447844
18222168340
18896267080
17877000638
14769613689
18487831194
18224000801
17307249629
15591436718
17620395204
17784267009
13873682868
15637876220
17786675188
18757524858
18183935595
18183935595
13880160526
17665626142
13088044876
17611401262
14748258889
18014392777
15241515141
15055600015
18084388057
15287221854
18666881465
18911640042
13951990300
18607375400
13520377176
15561635172
15220529973
19956435597
19997919041
17608745215
17600781044
13525947100
17688831917
17674315861
18383947453
17730830724
15374847371
15155650488
18779492604
17691109727
15942335949
15589633211
17615734827
13134299117
18738171700
13148860332
18383830318
15331494022
13417961756
15555176977
18719914678
17623378601
15715766263
15006220065
15163636377
17633671296
13319354969
15537259791
13193481296
15187976869
15850286714
15319238128
15635569155
19151349291
18883677307
18670439057
15609655102
14796864085
18720908870
17787954291
15287918406
18515024472
15094063468
13466032624
18910501095
17196322677
18784992058
18477182959
15826147972
15165826673
13650572993
17634923805
13905332209
15579121301
18095311401
19163756223
17345725017
15099782562
18293504819
17502985040
18387156776
15150477864
18782434878
15687080079
13324747472
18737873735
13251260860
17696010434
15008357361
18012266661
18881461393
15727563372
13610435548
17625425136
18122198946
13694505014
15769896393
18716320002
18848706438
18533162935
15219303261
15810769529
13141866591
18858187334
18171835312
15531006913
13040335552
16640603938
17787648319
15195134482
18757099713
17607499074
13529859249
18919835543
15107077414
17698062637
18240502720
15082475773
15805939514
15587225457
18073113459
13763643289
17731523151
19130151225
15021790541
15371819079
18358398112
18719281866
15971601814
18956432864
17848604673
18329020943
18157372246
15502589512
17873517040
15657957662
17851046056
17729872561
18675953812
18311695436
17771330888
15277101202
15172995678
17347105715
13265843282
15364559393
18712380009
15557116708
13886865458
15906482075
13197766844
13538645739
15279966252
15167020710
15321538856
15250725607
18314128154
13983963380
17772231195
15250558606
13717009753
18983263308
18313409634
15912674691
18574169906
15016989112
16558785248
17868238612
18739391367
13829737853
15678699251
18613215279
15702949020
15223183142
13986177078
18073442611
15321865567
18268609225
15081876397
17621722771
15181036369
18228702496
19979973626
18332362017
18096410330
18729025069
13289258089
15218320943
17690626966
15739103517
15221720246
18269665400
15198109927
13175370313
18700954848
18505952385
18631861217
15912035345
15213110736
15882668873
17392728270
17683015327
17558801766
17816046892
13094511556
15215562357
13691568144
13524862268
17710949694
13073540139
13868774015
15829793986
17586736172
17387320991
15527053820
17387478130
15678418290
15258722584
17340445931
15707968466
17671366616
15705724396
15072879220
15219947006
15839717588
18586366452
15585212151
18634352523
17722401935
13076008959
15051242743
18573462492
18108746395
15391445594
13167833060
13070287825
15984001303
13233190046
15978795337
15362412923
15980677211
15067069027
18111780008
15515272251
18941636313
17724121167
18073734050
15173386305
19127537383
15368554538
18387885087
19834055987
18986406165
17628261825
13605077801
13132389583
18871374446
13564860798
17621143178
13414591347
18278391138
18895138808
15261844451
15273323041
13187809808
15008937434
19873762938
15126336875
18244822309
17838311240
18904974868
15577804356
17680574053
13414314572
18748361551
18123442183
17584968187
15041145773
17552731071
13823200657
13602072835
13706012846
15911787172
17695539889
17611094955
16685872269
13547407945
13113750082
13359034900
17731509366
16630355591
13753602064
18172099311
18659762157
15275409668
17743397126
15051190742
18659481778
15398376468
18120810937
18903411218
15835871733
15919338508
13963695464
19817264287
16602085764
13560960708
15641472031
17817096642
13960703498
18210993004
18243561334
18243561334
15361290161
15328902072
18364586744
13032198553
18755402871
13913234949
18993097916
15093308954
15717131393
15025220050
15602277152
18403790875
19908766520
18925504772
18263588203
17585867583
17750004826
18520583528
13308397139
18238812305
18958886676
15703018661
18210313408
18434070046
18302869789
17614921334
18637677675
18259270103
13518626610
19187232045
13650042914
18215782805
15026538380
13763385811
18857529957
15556594847
15884565556
15833475358
18185038459
15203628556
13556009713
16678989608
18072103966
18574588602
13277446800
15847745216
17508236006
18850476320
18687275496
19857232665
13426863338
