18807427819
18271512406
17752792164
18627433766
18388674259
13885230851
13118949471
18296529393
18345946747
18344551171
18983302585
15347463447
17101116020
18274124766
18960607158
17869969489
15663620846
18677248602
18209639162
15681448144
18610588913
15892425286
18626835972
18871709759
19955045874
18387641832
18277999744
18977965286
13663260408
18859093557
15573531371
15908768179
13347582941
15508088066
15592679974
15592679974
15592679974
19974233924
19918925452
13878989545
14786345368
13947976017
17779676357
19187318259
15839482173
18780586439
15364569693
17711723024
16608523138
19939778953
15502702478
17831211923
13073182756
18651206478
15001962225
18685433440
15016676538
15618715659
13572463861
13966582835
15703937112
18383260385
15273595781
15073591296
18539914069
15277931779
17752623929
17521529590
18175709157
18709170171
15899012698
15970723501
15540703020
18220563537
14767607848
17620846992
13362992916
18379358218
18635215203
18306254994
15196263445
18070616572
17798690289
17373987143
15941064230
13067532940
18772500706
15356227623
18500208980
13619744937
15909245595
15127428598
17670544436
13286135000
18224429732
13250023019
13572002097
13903838634
15615158072
18280338074
18396500049
13211623803
15078570287
15367048296
15901498959
18549917875
15621375267
15284423244
13289262009
17113618941
15832556158
17360610038
18500480921
18788818208
18379807977
15102857104
17873579740
13575036971
13636761844
13070378861
13239107761
13934075007
13055737861
13892494489
18122900434
15997044661
15127543628
15897261102
18992799930
13623489203
17635700016
13665056531
17750396273
15029870575
17612947654
15924727082
17856012860
13512395963
13736913778
16639867282
15928048248
13165640103
17790343520
13348817702
17889766250
13379164747
18759972400
16651721158
13108289565
15857510623
15944932996
15243816241
18724981574
18889213467
15645535723
15760379525
18647442847
13072163628
13103046750
15976822645
18943281545
18476393680
15639331135
13706969656
18881461756
15090225760
15973464452
13382626665
15555580347
15958236693
17085395636
15572832217
16689798752
15873960788
15769876362
15007014786
13539743653
13058913240
15570105801
19936464672
18503832343
15630737221
13854380720
17733966352
13316682207
15226368441
19127977738
13283158668
15816030036
13431353157
17634926927
13610629743
15100846157
17603603116
18842151347
17315850924
13297284862
13395446054
15846563795
15804586780
15624861540
13450156643
15913307494
19931608640
15235289473
15047277380
15265050907
13956479177
13283612033
17327862963
18669175139
15817136441
13705374294
15309095519
13020698385
13142070311
17641082324
18630967243
18632390840
13020692331
18300755472
15153349868
19136734060
13081260425
18720371040
13417695930
15943447039
18996143515
18739213316
15309358059
15093189042
15935603281
18746402309
18689925041
13537358804
13304678586
18854383684
13158763862
18583871923
13367532973
13830185271
15009763145
18676925205
18349750414
17607002891
15853835177
15269048244
15977007077
15127524604
18579561003
18334852238
15204078976
15696773548
17639369782
18284149970
15128854634
16217348144
15043727486
13196053807
18240150454
19137617908
17117761305
15719749894
18379300559
15232534673
17610538817
13838254559
13530482717
17165958572
18602471160
18771514853
17603376673
18602470135
17665477999
19960405661
15806188014
15926127171
15046636118
15583232761
19907145850
18574774341
13273679700
17635847098
18561059652
15728401458
13931075138
15568618759
17643188486
13553074871
13401063137
15543482528
13653517397
13583871179
18392417222
13147312753
13396561437
18661352539
13287609176
13831649960
13255383819
19833169709
18343316361
18748082997
18235439692
13045356579
13335030764
17315140971
13697971939
13885484214
17823965033
15159939390
15077713914
13099666597
18912834989
13189528430
18983115752
18623590330
18040030309
18551383198
15319431121
16571546480
18279763465
18688159112
19961287339
17373007593
18349676345
18075706954
18875457141
17609165125
17685886997
18302814355
17109592511
15756321364
18590923857
13994791132
15813419653
17708368881
15577599787
17611217890
18717335153
15633750577
15031358654
19970414894
17312774391
15933357606
15534731010
15297888189
17640325600
14786168178
17502134933
17165958573
13110766162
18606048599
17630000979
18691263415
18384360137
18111159657
18337996977
15970122241
15188492310
17606996971
17642902126
17679396602
15929218504
15806173241
13048768312
13931937774
17776377869
18732511628
15278240108
18224211282
15039025767
18854161073
18387663749
18135853600
18488942835
15834344417
15728859610
15129176222
15635449130
18534861224
17787384023
17392632562
18850293272
15516307683
13939846130
15591190739
17176623222
17613056835
17608107961
13194224097
19979106360
15840080432
17770455490
13501797699
13434562674
17391639870
19849527456
13809767217
14718535467
17628696662
18931084099
18193211847
15999183321
17659066321
15545962077
17375608220
18074891512
15203484846
18391693385
15278953800
13362446549
13357142602
15374610591
15132869112
15054022930
17691038276
13304706447
13131876398
17376597578
18948282292
18582339886
18690321139
18833711375
18622749028
18159986536
19959877963
15364845588
15923337321
13165895918
18205270993
15536475878
18722159687
13133244895
18054609134
15254662280
17379459523
15334928842
17536030638
15675777163
13785591195
15903568245
15263225600
15394058325
18559526427
13063082392
17602971619
15262940004
13834234727
13184197850
13103437202
17351172135
13555869117
19817999464
19937288583
18165027532
18550912596
15598561997
19860276486
18804985144
13884789818
13946510926
18845058424
13784479492
13698391219
16600218135
17364310512
18173474615
13784479495
15006532061
18706659113
16516768999
15943336638
18487752894
19112022021
15686946789
17646709463
15284592414
18377691425
18990895373
15995451581
17729376999
15028357049
15844261587
13030831602
13641081085
18707669780
18106952318
17770752500
15874270075
15209179395
18859699876
13974709903
13453526354
18779432559
18325997109
13220074567
15591739193
13482887880
15350538013
18758941890
18828052034
18284922349
13458938218
18875474110
18287962325
18232175826
13990692858
15287329911
13641897058
17787426332
18960206771
19936394474
15531251763
13231890067
15109667468
18003483785
15533188938
13091616835
13978747471
15243970794
15979004409
18032403940
17688774225
13672337477
15677471176
15648178830
13896983667
15344404140
17623774445
17751220015
18280275726
15980716420
18323722595
15586531223
15145985537
18563143972
13558039569
15620938498
13381087818
18381392856
15164256131
13720178974
18555185749
17745144747
19937531106
18069728307
16636162695
15835618982
18749546162
18092231009
15836803256
13278396882
15047900992
15662921633
15159505831
15228612048
13282641361
13074427777
15542844632
17322449345
18932295213
15835880298
15226853661
18686874220
15074762546
13104068477
15815232980
13843712680
15843720406
15589016982
18015537894
15735413881
18778288088
15362656730
18378672509
18689273573
19932378343
13376283100
18155861899
18077975663
17896296965
13616100334
15372721774
13797117395
15913123962
13262700947
15145773471
13005675591
13100862435
15119795698
13371328786
13717207048
18342902013
18598819980
18074773101
17852463720
15091887169
18295840673
18002185336
15706678945
15897328697
15016987853
17535331723
18786251441
18080282916
15829616775
17536830569
15766481827
13165709091
16732496629
18681301779
13112872993
15004952479
18071783119
15923231312
13049441400
15191246351
15642096270
18673406671
13922101219
15703782707
13013315277
16722131766
13559387517
18722965913
13874236878
18862360905
17632801267
16710606658
15548495653
15285711610
17631857122
18651232320
18634721121
18993921503
17771796360
18443681787
15930379726
13191610790
17160823450
18344726289
17367578214
15374097809
15369490357
19925303551
15841313473
18992241677
19147168504
18346760169
13403435145
18689929701
13734340083
13152921135
17515768216
18508917601
15561663280
18734244249
15104362127
13139301724
15663318990
18007845378
15297037448
13957624776
18974135042
18111826086
13607998863
17112279108
13033315045
13732999476
15025274427
15135381932
16713481918
13048422713
13673367745
13074056139
18580853020
15186085744
15623846266
13572452790
18388565688
19923858959
15686720205
15931117448
18166568462
15328916166
17384722681
18885996568
15115199442
15991983230
17897787989
15546153535
13367812583
15347316867
15775476628
18257481203
15667149670
17308945871
13637732789
17385482055
13097430201
18056273092
17375692230
13566167706
13112902339
17100767548
18314919214
13020905560
15128792750
13279306112
18270821740
15562973963
16670320700
18942046903
19968292013
19939775035
18296721025
17763080819
13274328191
13321693130
18107854164
13192008893
17335755797
18599090310
18007829904
17696296215
13050750603
15107949735
15132222818
13470423058
19828473359
18126122044
18380904413
18641525692
17692172493
15306650656
18510000879
15328370396
13056006481
18388634475
15075918322
13172357106
18781752621
15998841500
13923565337
17898667628
17743308357
15035395728
13791112633
18715051357
13074988918
13107958976
18530650866
18221967286
13018674278
13290965610
15558426800
13525609472
15072082866
19973671089
15760119309
17393330389
18846878841
15983629759
13994848370
18781432362
15152198589
15562988852
15576791449
17377215672
15935362610
18908521024
18978688773
18485771109
18703933880
15081820867
17159412995
18333024339
18886015070
18633198042
15521736301
19908569447
15648686327
17722996969
17505740564
13332910522
18800267161
13975932240
15887057138
18832879116
17318420762
15700688825
17770053474
18850278597
15733879707
13861396857
17304586729
13203283803
15032938619
15066186065
18259188111
18570241818
13549484580
15015349123
13636849967
15536430650
15267581997
19986493650
15943242191
17398860065
18222560977
13973311432
18260229408
17815953105
18077366400
13872152235
15012335987
18184756623
17377846382
17600678228
15362672750
13275980307
18738076103
17687927181
18206927286
13596328061
15859779013
13611458087
18589657121
13085041816
13542316451
13546924931
13226253839
13509916612
17827774913
19126491163
18819609478
18634582606
18475881168
17087700111
17689755039
13763211731
18476948975
18312604255
15627514726
18299058413
18476947685
15731756531
15013782258
17336915031
18682432118
13543382697
15016400567
13828662897
13902519104
18165836953
13432343374
17688556614
17150586588
14718531131
13553681004
13022822469
17150586566
18219466645
13071658604
15017310781
13144015773
17150586826
14718097838
19120757225
18826736531
15876508541
13143268212
15363141615
13068520798
18718538448
14718538485
18718354111
13692551319
13692626718
13427633778
15555231144
15965341003
18320650519
13071687359
18655908858
15044172301
18045726026
15033389661
17716588449
18318334768
15135842629
18253319612
13103179479
15615292251
17605969726
18032730269
13006227037
18178310155
18659636882
15511739302
18889464542
13677820706
15677835532
13231775381
15850306837
13619167945
18262188928
17777315060
13201260979
17678310607
15547231984
18944565346
17740306563
17640124291
13225097807
15314399959
19861362155
15194598026
17802912100
15154310590
18291130651
18388658885
15765829919
17777389394
17350406519
18049129298
17783905632
15624355789
17350407197
18824004811
18150320638
15103280856
13648786889
15994520053
15777268292
15207836091
13058926135
15621260726
15987879521
15019394242
15947151509
17783870856
18579606029
13724603382
13142991121
13662908460
13609889560
15945905703
18174022103
18050189684
18992045112
13293946498
19976026792
13509509702
15289838267
16603315719
17795963729
18977731146
18691236568
18550723672
18659112430
13547128931
17620402435
15244100708
15596008148
13216865197
13119439726
18751077088
18261093044
13086766430
17318271063
13143686493
13229596481
15841430692
15617481288
17818871813
18904625497
15591250792
13189043098
18207784801
13541453130
13002965761
13246437293
15811878285
19987877289
18142600170
17534955483
15378393103
18674921134
13648338880
18242981799
18742244885
13998255243
17320318744
18525735552
19147250026
15220212806
15883999075
18897538621
18996716785
15245071785
15779136642
15559764762
17627685473
17628372295
18221201770
15655202937
13204913288
19950256889
17614030947
13538342646
17640228489
18583229665
13028131529
15542656258
18017887006
15763281221
15287353604
15614078353
19890245280
13460781413
17689308238
18556538475
19167612133
13550619764
13461591390
15286351719
15978021660
17357317375
18238332849
19968137715
15808442497
13097755547
18377670518
15295906782
18206725259
18487674998
13304506738
13527143861
13207850257
13471273548
15878331244
13597333046
13500305030
13670386861
18120236646
15961183597
19918242994
18274410506
18420223920
15224985200
13133847010
13466814210
15679490695
15500377192
13714744431
16622056676
18870031728
17570312411
18233323487
18212231273
15318439883
15501303861
15578587287
13114913727
15215199409
13936495777
13071617516
15165366292
19107410510
15175745429
16602009744
13248002446
15501701058
13795598938
17360297486
17613940001
18075542093
18382203347
18407802488
17776022370
15777217091
17323967398
18087231057
17360319920
19950269080
18973556115
18807104774
15387528796
15214344247
18209871315
17531126602
13657824471
15249175555
13715148577
18869703740
18682030923
15126918247
18234624001
18322713118
18777879351
15315610378
15730413339
18922659197
15877277463
18664565807
15119748034
18929777126
15976550526
18090429293
13827267767
15820186244
13068502468
17628437056
18312593996
13719032708
17390125925
18091398090
15535914642
13692696235
18392545222
17827774630
15218354904
13352841533
18924385655
13828690469
18165840688
13044200520
13189517820
13881587564
19806683429
15706675326
17817279095
13433923358
13360707673
13709621154
17697245055
18352514826
15850309780
15378965302
18408763551
13125357449
17640256825
13553414107
18790679582
13659266469
18859237413
18224510781
15528675221
18577970463
15630878593
13011431790
13017419061
15554911269
18973693757
15182513911
15000590025
18098439107
15753817554
17316582784
15260283949
18523946160
17350003229
18283156131
15853804223
17311337917
13408989228
18405966660
18643663729
13778629870
13307520015
19923217677
13205767287
18268820364
17685705577
18028454230
18626170146
17641099842
15921245898
17781517006
17681212264
15756172938
13266327354
17600150286
15813318440
18409707228
18276787511
18073403948
18902398033
17520477874
18076322499
18666427529
18048596520
18323856496
17776582324
13060903041
18303459687
15259899559
17666542372
15191256130
15905087246
15878119869
18781660060
18508795277
15184480608
18562292647
15105396292
15157268843
15825995354
13006837872
13323983716
18228745050
13734947421
15718352451
15277205088
18159392039
13407852004
13663901232
13198638633
18655620768
18125329780
18958533786
17373797354
18178767296
18313217961
18327746166
18696424796
13219222888
13878023075
18325005509
17872530152
15271895969
18776909560
18728949469
18382104467
19852775293
14770082046
17585474695
17768947252
18574165590
15267115714
19186945371
18350407882
17098923520
15505970611
18623582185
16623045400
13408302362
13208009798
13685665186
15303412383
18105528382
17601412330
13177185179
18975792196
13066925021
15221775281
18961968272
18042467956
13124772283
18378799056
17342691169
17100767554
15193166874
17606014058
17370630397
15831833713
16602348618
19976281663
17576084819
18308371421
15222901805
15235655373
15078143885
17330311999
15777567761
17607616940
13175775603
15918655658
13412402714
17710961943
18129741632
13524086424
17340513461
18688315954
13617020205
13262980117
17629314097
18565984045
15270609049
13184320614
18718977207
17725752457
15988648675
13622012633
15308210731
18641961122
18178550014
13219138662
15887957215
18375571077
13063196101
18700400910
15580676605
18329756369
13913479526
13118729025
15012838184
18269636101
18959560433
13087934024
18711588690
18914197533
17161317712
18378145923
16602101681
18728759462
15364667766
17320392548
17633101356
13771567657
18890062936
13045940781
17535428789
13982942992
18307307552
17887817324
18924454929
18642263777
17772314052
15521742989
19936066473
15310063502
18664810914
13864490532
17830558325
18950681070
18318127741
18349990248
15289260470
18728753231
18423059527
13322314736
13172958795
15708130597
14777564916
17695194856
13071976324
18179029265
19899031892
18207175071
18588155707
15887546247
18093540154
15872889458
15999399015
13764353447
17634042198
19103374567
18078777802
18469539924
18178006525
15523356110
13315020245
19983744490
15308532746
17312930532
17735989263
13808070436
18355250273
18703703336
15873407878
13224093368
15576775067
18974509803
18530090116
16652292623
19163763667
18974323473
17775808581
13628107743
13274298797
15060333069
13103120537
15820966835
18076795443
13091525256
18188295959
15122823905
18283284225
18313489247
15580706111
18207198333
13781087078
17554246063
15980608198
18977854321
18305850858
15060082360
18350888217
18926628335
17342048912
15827271118
18682473139
13103747433
18299823467
13961824742
18867218928
17539020187
13436044754
18073350537
18602429123
13356148031
15052550412
13012966625
17717111143
18162025064
13696126817
13032746469
13082821698
18669232378
15928799062
17332271170
13152248038
19885261068
18977506093
19923738041
13807441421
18078617285
13735292963
17605042420
18973517705
18291784167
15507208201
18277203245
17320373707
18700421407
13215262934
13619405661
19989764787
17876965742
18028220609
18073489351
18956602342
15074111858
18175700321
15500917276
18577327703
15778066173
15277793529
18975960253
15581148362
18150907221
13136948051
17671310728
17776332023
18078646520
17308819656
13225117630
19980757570
15193757119
15846133196
18669082908
13476959537
15706522089
13195348770
15919589668
17815503342
18048552576
18552375936
18815999663
17787205331
17684216163
13378131476
18776364091
15516954620
15706515248
13279782621
18579771515
18372645120
15822736819
15008117924
13087203066
15325997279
17689732907
15673206184
15320061027
13208735960
18319196991
18184557257
18707367890
15558326753
17384771507
17323566750
18166463099
18287761218
17687290992
17340432308
17665123267
18974968220
15030188672
15275807630
16605670454
13081447896
18587151667
15502263608
18536592613
17323359481
19891929009
15674825030
18681319126
13169127065
18670477263
17743266147
19974837850
13052090617
13373202028
17692235801
18360223384
13401902046
13419142597
18349756081
15719747042
14797633682
19916517704
18227885905
13367743359
17623771480
13014813958
13048545500
13209221994
17656101981
18209747647
19985174131
13648347698
18748552722
13890580070
19823542942
18202566700
13720953464
13999844890
13139379579
16623124448
13657781150
17347579048
15994715486
18566271278
18694027991
18991619243
15734115316
18981822684
15021228083
17374561159
18537328887
13056656661
13540969561
17396721115
18981493146
13726000024
13112286143
13130865273
13871912434
18670521810
17011114321
17777586553
17684208361
15298965249
13715261272
17713531329
17374451354
18581504004
16623095838
18779055373
18108423216
18881668441
13546910931
15337320066
13063137807
18679207000
18370617425
15826112030
18222322732
13194445591
19982603277
13675973598
13135564849
15395422010
13297981912
17322126296
15586350409
18582625491
15515533468
15320320503
18588231462
18271536996
17600343072
13192751784
15529575591
17742499664
19923659403
18094526469
18586331558
17660703146
17621488749
19866728647
17695431630
18213363876
13437557602
14715665079
15014184268
18574948371
17311656525
17786290422
18609908739
13305957976
17861698702
13114128342
18673438776
15347898217
18358937329
18867503415
13213522421
18708538201
18326372050
18684820698
15029872713
15657923206
16607604894
18324162949
13632870833
19974363119
17329508244
18587871454
15399016507
13289653691
18176967957
13452731727
17787205976
18328124983
15129018434
16683106253
18691946323
13175999509
17635733645
17683102235
15577187817
18803466938
18512860682
17609881841
13095665177
17640275998
18902117721
13322653482
14781484860
18010557589
18700315232
19967843729
18146760007
17612419791
15004042226
17772485094
13289307341
17642008330
15384671527
13117939255
13187617768
17623589678
18011095089
15393357555
13440004140
13671601212
17346874094
18482539381
18292065541
13877513731
15623488577
15587234907
18868208480
18516099596
15536163213
18007434592
18155429936
15677770394
15883792877
17771729330
13030316813
18234012373
18634651691
17620867338
17587045750
18373746194
13229389557
15003088412
13924382860
17621007675
13118437172
13142932182
18502831285
15521561360
15082090042
15759282505
18435879511
13452510838
15057659619
17723489687
18111176471
16603357390
17675785852
13580007522
18183743630
18875104855
15576981263
15577664409
13220379360
18145032835
15983794770
19918757224
15923096784
15023030700
18911615643
13175023639
13948662654
13320976819
18477019837
18004764953
15303746388
13197061052
18975955242
17746622410
13611267754
13989237170
17682726118
17581716735
15970006460
17814666778
15902784373
13703558283
16603559090
13085319545
17383475329
15137964499
15708645007
15177481050
13878977310
13030178172
18711441582
19983285706
18587877103
13018298367
17782365348
19130116816
13076773591
15510847186
15569758686
18874654751
18626263974
15388109791
15578525307
18981747056
18974775121
18556975204
17307450367
18907130557
17754989895
15527282779
15039305367
19976036214
15675748695
18222715936
13976725342
13780573290
15227053904
18770419916
15627983556
15629410847
13047165903
13145646021
17628639136
13604226009
15690232923
18297780555
13540545486
13089702450
17874441522
18174869698
17181840811
13249884332
17830055278
17323461817
15976567766
18677366944
15680303908
13594878534
18581329592
15635980425
15294207402
18580935787
19922961266
17771363772
18502304104
13096270777
19940809390
18782507303
18380310145
16637907338
18584180234
17776132769
18345455285
18788018262
18673236676
15841970277
16606693557
18522637478
18178205055
17841659667
18177050679
17615014845
16517785860
17602364288
15103554334
15756437338
18693265864
15696088881
15351475085
18674287328
17762864895
15018445305
15982891443
18692046955
15829952592
15834308833
16608648678
18535445647
18980660327
18695092716
18961861813
18869361098
13883740731
13834235158
13281033381
19997959601
17360384809
16602799108
15733863251
13303727153
19987371162
17380305617
18339986372
18008634446
18589849698
13826148657
13973335885
18305951109
18340730830
13327208401
18976521407
18315714555
18585868008
17778416217
15126105505
15607127795
13377330115
17842224010
15536834570
15528224281
15595847367
17726579254
18869352663
13927476306
15023150835
13092898589
13620847725
13271969980
18696972888
17779335740
14770363397
17868552906
13585220437
15759998270
13102298236
13058218438
16675346423
18974215464
13367096418
18650508882
18581670731
18523596284
17608481925
13721192910
18243888144
15057344155
17182747718
15911378321
15390499166
18788500974
13203555395
17700656893
15283029123
18683158381
18647418902
13185209314
13134454716
17623222205
18131125243
13136271698
18666530421
17513543362
13111142272
15285511242
15940948229
19192040491
13320759999
18338546183
19917999327
18187268638
13666048425
18070679050
18144427519
19974212281
13149113616
13208000086
17136894442
17345819686
19978614143
13320640807
15541475598
18965791208
18070971317
15541655565
17150854282
13093807513
18723516780
17681600106
15157638487
17630106862
17683221379
17166042111
13197305420
13198524886
13188811498
18665711149
15849020806
13141602705
15377635022
18706841117
15181653565
13198691811
13032382556
15250163201
13395332515
17345410681
18478036804
13696979800
15685050325
17391702277
18583117411
15639877795
13957932116
17360075479
13006122292
15815909136
13227841378
13735260751
18729660200
18868006582
15097789583
13202135804
13971187520
15146332511
13101030655
18858381480
13077689590
17698031858
17382614151
13187475747
13595661187
13486794582
13950756451
13613076681
13393599090
13627609316
18612315924
13297730015
13114055148
13251327610
17857508273
18487712601
15282147850
18622182660
18190996509
18178712327
17625420153
13225005013
17680318031
18161644537
17760513620
15577537261
15198914742
13060289882
17787677072
18858387060
15670818079
13092737833
15623454991
15587007128
18574861711
18555150616
15681986856
15825464386
18665173886
15326633785
15386567510
15867067258
18672529999
18305057424
15176792356
15577318131
18507113248
17688911715
18035605413
19981667219
13113796496
15261514660
13418596661
17636411818
13982318757
17601242911
13072887969
18175505277
15579236566
13320880222
18382797544
15366709689
15125124680
17679277738
18261655831
18587931845
17726525007
15527404432
13277989770
15310261497
17132798412
18529401571
17771214723
13296821615
15683062320
19891672158
18883355880
18503737015
13157321517
15580425580
13050393396
15982255121
13129974363
18583003746
17573205057
18535439329
15610911099
18577408715
18289854079
16692506446
17364888448
18257610034
16637349679
18349118570
17573051292
13256716448
15527366407
15013647694
17648235024
13150521421
19871860840
15306672701
17671758926
13326561618
19986666625
13783810174
18214167735
17698604348
13043400054
18685942303
13087458124
18030666201
18030666201
13100543373
18155264999
15777454326
13991724246
17324790484
17633817602
18820787321
13212780283
15055295579
18639882220
13219586617
13251227113
13710392130
18213772425
18183930922
18559891892
15756233889
13102852722
13117272764
17607849209
15509203530
13145531153
13232023097
15523533435
15696473911
14736712322
13094304267
18183082255
17771776536
15552733689
17629132393
17674086013
15756500892
18406844358
13918334503
19196501396
13636250038
17335870041
18693053056
13240620995
16685069892
13035971566
18467048662
15557852193
16677305287
18634553721
17683042247
17772324392
18575350543
17336742455
15571077759
13171770813
18566051267
17680340685
18639112304
16621372681
15526039967
17328218663
15677143212
13114381029
17606563831
18634791319
13058050309
13220221223
15378192275
17764042669
18384311551
15601726749
13190244644
17677560727
16620883393
18996350094
15678587738
15523824509
15623794878
17607561978
15534352255
15678894466
18530923389
15328358643
18577838158
18628880838
18516202158
18598803133
17520509935
18697908479
17671783403
17620379205
13087642356
13115533352
17788660735
18507120330
13236852958
15625517962
19177292001
15606920066
17388375802
19946961286
17623224964
17772319925
15658852117
13487984521
17538553577
15557056350
17777942060
13080324767
16623101447
13006291857
17730224557
17838625602
17775907459
18623195530
15612856639
15521341514
15129669555
15680271770
15567786287
18577187815
17323022553
13211951888
13539580525
18775391683
13188005857
15592251998
18372789632
13113692465
17685336759
18665344162
13187799449
18503857915
17749167777
17323298160
19994747067
13101221350
17601262601
15697173368
18502317820
16683070234
15692123192
18559978108
18627988893
18582586378
18685130781
18700823083
18615709137
13195272345
17681385432
18121979886
17689847408
18180547357
18090078074
18580208696
18979088874
18917114666
18990004802
15338905211
13088370860
18692726176
18939171549
15616686880
17574654060
18970606517
15334561113
15995581776
15502162729
15029093085
19112806644
18815158049
13588544354
18659711357
15653275011
13557560108
15149799336
15286103414
18143372546
17879637044
13464864309
13188036555
13076208365
13983839334
15108567677
13020835222
16734703888
18683694189
13038106823
13279101160
17679144858
18775789345
18009442920
13453825296
18367154192
13602073328
17614745280
13220265688
18002487847
15534619289
17554092930
15035964242
15102336636
13468480001
13767686703
14792368200
15752434495
15312942010
17897152998
17871142044
17897147545
15207685414
18218936483
17777909232
13160939260
17623582973
15690391115
15529829211
15084096685
17639371972
13161671905
13165382232
13208842336
13257939371
18988174294
15960166961
13615609075
16677132750
15071189111
17365761864
18772736324
18876636523
18878102721
13070938491
13107711279
13017121095
13968382468
17167994718
18889217563
18035613639
15191582818
17779746698
13059921600
13221207060
18059568243
13062336298
19884887430
15320589693
15223491001
13100632337
18946182545
13667643768
13177178861
13278787074
13367350293
15123689876
15034458838
15368561549
13134036861
13281669367
13551841335
18889350594
15702355235
17383466785
15350517001
15657207767
13202758310
13594808862
15927287950
15777370552
15374263350
13658212849
13208817954
15523969873
15178980914
17385307516
13098730373
17302331200
17605947676
18288811828
17883976745
18623111158
15986811075
18970660347
17777337440
15275226009
13035393109
18627773134
13324939415
18835557778
13330400553
13101202804
15942678048
13164688873
18858700083
17612888848
15310801188
15103045845
14709568272
13591175877
15273345002
18980869421
17764210509
15348119107
18073425907
13136200130
13880740340
13880647377
13102929388
13098817920
17882455300
18574523138
17331753221
13095312696
13145980875
15882008391
18349681590
13114433753
16606168736
13142028888
13169047975
13059354022
15287041425
18475884494
15806368445
15378696160
15313240213
18166535613
13066254606
13003980981
17351150715
13432603416
17602013005
15685212260
15582151135
13106913006
13999508007
18676565157
13032049259
17872695627
13119582370
13002018813
15520938756
15683469160
13219005952
15320705955
15759995694
13011522369
19990909779
13012979626
13007331173
18087661173
13078291955
13101120111
13187362333
17788914293
13208804533
18871188677
13182387361
19915411837
13077635845
15284116368
18870779676
13062308841
13048236353
13106884414
17629012412
18112877166
13167879928
13092292475
18639131099
13100857777
13025833727
13197877796
13032367996
15624360802
17638310639
15082194334
13597451100
18797046976
15886172890
17370013111
17308899494
13150722360
18073991106
13189527298
18112036008
13085360652
18318512588
13040105953
13590778573
15873280464
13897201475
19163216330
18322017403
13140293296
13071183862
13652229664
18672754776
18012033630
13113392666
13873223615
13776289534
13145797142
17333816459
15310483522
15073213533
15897601563
18695798770
13083453335
13202331999
18245022443
13219461967
13077503149
18011947142
13135327774
13112821689
13113075885
15873437992
18973588186
13876960233
13027055400
13116417071
13215781395
17530283579
13137889499
13041375455
15239501763
13260362571
13159900559
13571842757
13108609009
13207185132
18097121013
19989156090
15972985252
17325793220
15024505524
13009019885
18986121708
13060236691
13209307834
13048422291
13769323154
13058021807
15228341411
13077993516
19918044224
13100768330
13013245197
18371913127
13269819109
13257248475
17602900826
13164132635
18155620508
13132843701
13114472089
13212748919
13098817117
13138809665
13163226311
13092698361
13005522825
18871955120
15388331311
17674141066
13070963228
15078922553
17720351779
18884103882
13157658505
13111833320
13213412721
17387496058
13203436621
13046258403
13102917687
13409615215
13081471618
15310107668
13088313097
15196375772
13177708188
13084154000
13064633873
18937532291
13098065751
13038837911
13451926674
13056831836
13033735704
13206487850
17376373550
13112742945
15007580700
13182603634
13055962435
13084799039
18737890791
13158347671
13061239881
19973321884
17375613259
15323790553
15026571570
13997443604
15655883616
18108753365
19977082273
17685274739
13233353005
15131623921
16651731884
15904018323
15672087925
13016555075
18314208969
18181415153
13870716406
18108429971
13636023599
15915434343
17677495240
17688971694
19162023287
13129046587
15339659602
19980757571
17666099917
13794472305
18387704140
18313373013
15889605037
18203906335
15758296109
17802343422
17674011337
17695747938
13388333223
19912737664
18289692689
19912811343
17776170877
15559050566
18487756190
14748133921
13278012756
13993450530
15331700884
15574525553
13057857017
18318287356
18075737451
16532876705
18398483191
16532876720
13822441468
13295744119
17817517785
15378786297
18558428153
13036215422
18090875516
18934453783
15983004613
19111901944
15327005238
13075203551
19976653419
15388114372
13002624456
15501470247
13266156269
17662641070
15564905906
15523222669
15243503510
13145482821
18573157399
13548448572
13110899428
13997443247
18976131870
15920819131
15336159111
15246001731
19987649717
19922786217
13429342865
15879516784
15331420731
15291341813
17606508924
16634106564
15828730982
13060340338
17635591711
15277400655
17382613237
17521676107
18213847640
17641556247
18573490127
13518492493
18942010560
17612917176
19834347441
18789880977
15679775732
13210019151
15135739041
15000846541
18502322559
13550754734
17679230739
17787397841
18681003312
15154823525
14797683119
13908256334
18676764909
18287926062
18263834561
15195938007
15356051534
18029159334
13489605338
17395274301
18237640813
18579797021
15112454519
15703318873
13549433482
15678550204
13884569345
13440019641
19103182934
15167897971
15574057648
18790298306
13557710663
15003865909
16685206066
18651918098
18655169791
15335384141
18068019089
15938807512
17395078416
18508818673
13986417156
13997445600
13531969545
15683978047
13577223356
18309581053
18569924742
17608827030
17608573004
17691371798
17679388786
15844444014
17513733484
15533337133
18010784089
18270708087
17620335401
15382233414
18382453429
18578426058
15709794484
18978124516
15111745108
18708650243
17636006510
13108790406
13609155524
17771793675
15070578891
18076271525
15521751478
17629177508
15955509829
18687819927
13673401381
13628018845
15350458803
13591761010
13511464487
18678001383
13043460866
18383208673
19823606450
13168102351
13277767603
17633655047
19966739514
15166187032
13197089901
15201403132
18582049069
13988960454
13108348285
19823487828
15197398667
18868217200
18608136036
13132969473
15697878169
13769241216
15939821637
18439723725
13272696224
18593419781
18785854833
18726835860
18537698053
18677197251
13351529628
15082681464
18679670715
15023396152
18117956021
13058081399
18148481409
17167992417
15925493159
15994390538
13890348358
15210101412
15295240014
18862629989
18862629989
15908873863
15520601121
17657718788
14754862593
17661045121
17306436624
16675593384
13782852842
13303939795
15512764422
14788043665
15539181875
13075805817
18877992304
13248848928
13116838376
18314217810
18556366558
18214098381
18577830404
19948919215
13577943763
14787269400
13067501129
13220391144
18581072878
13508313331
15912017107
13350964661
15159188122
15962215478
17711709552
17723567190
18367523265
17677135385
15237504596
15340466469
18312472593
13025841395
13066931343
18982440242
17777080834
18372832777
17394086737
18683553555
15312875558
18673600152
18623077707
18631004808
15851398220
18668048318
13612251692
17707872709
15608655738
18602033007
17507512726
15823173702
19914873527
15698702699
13483369001
18627629052
15339615656
15250687094
18981166245
17716495271
17606687281
18175907177
19989779827
15758296038
13232789518
15752807894
19828383329
17681938226
16685743009
13367261891
15328634343
18370981052
18087689984
17318484968
15696631273
15916909377
15577556225
13616965020
18346016241
17731857688
13983197143
17637241576
18689291490
18166267244
19907140702
13259160883
15555505565
18188981813
15622728882
13100208867
18075906502
17363342622
18579139571
17830550753
18607746240
15350272865
18163849551
17606019957
17823802565
18623580313
15320519038
13206545121
15528627775
17364035545
17374420988
17868303912
17640696966
15823596270
15310595657
15328058855
13860092123
19112248199
15982124265
15164082280
17602333128
13549941902
17872151061
17623047799
17880560055
17702381147
19102392034
17379885079
13522846342
17683131737
13046467222
18088300963
13356463540
13139621638
18642886852
15776367711
17374365123
13414407093
15251624221
18982272027
15135269308
18783081123
17823116476
17607651535
13084991719
15915121455
15319665057
17692713971
17352798364
15387050171
18984423141
19851823112
18575132314
18062749803
17790350839
13296809683
19808858845
18990270601
19140268016
13113216110
15328624688
15228491865
13169988104
19891191829
15348133251
13609153208
19950709174
18934857180
18986059787
15797300809
15585165295
17739672078
15327447846
13371062244
15082482257
18666810019
15962361842
17791940413
17774910520
15758211502
15755866239
19945018664
18154739754
15994158611
15571833020
15053339000
15336920730
15387272166
18792549489
15125558059
18082293007
19936342033
18605006602
17308385653
18996380545
15573600300
18580392089
18185537294
15730328906
13623724604
15521999931
15328040451
18859855886
13866086848
15118560692
18383965035
13829742639
17586079974
18128218421
15342388873
13032338480
17669641891
18337163217
18898220241
13352953614
17780276259
15935666335
18070881699
15385311839
15077581721
15002169663
13628471948
15390792006
15629745857
18077365452
13052348396
18283132683
15318624995
18777307494
17788567854
17820954787
13305360330
17666394585
15878405933
15768167647
17725817987
18485533583
18137992000
13541003057
13539270357
18827805399
15555511791
18808312314
15002372109
15865119918
15660648766
19139837085
18602702070
15623788517
18958795439
13519107613
15550689112
13602262172
16608395634
15676992291
13162178864
15362928838
15208515174
17683954699
19967325304
17683926536
15706827999
15768177744
17817044255
19872002789
18784978979
18281375729
15177211721
15730226083
18295133633
13267773440
17623319271
19185488120
15126149876
19993720759
16684880817
14751112278
18573846518
13354788480
18535960227
15387405553
13929252761
18877034589
18283411560
18166086509
15023353563
14785579383
13535425939
18190954231
13036245980
19115924024
17538586392
18184527705
18981508199
18303456119
17674054305
15122637986
15520662546
18775703804
13313096780
18670671520
17501493313
15373770111
17751748158
18641788009
15273402076
19916485141
13163365824
13118615916
15527955926
15036381557
18008288898
17648118969
18950871447
15505220272
13034818160
15675153249
15549086369
17764001640
15330469808
15078508623
16607992993
13214551258
13296612010
15666466392
13387967094
15527445519
13298153793
15362213715
13128412139
15628467300
18055234644
18385132049
18327070580
19978857772
17762403216
17623157579
18702714096
15680783566
15071365508
13317411153
17807603912
13591715990
13077751813
13629725163
15635930591
18335511144
17859322934
18295219104
17875860089
13047233914
17634997923
17737212002
13762277045
18907258778
17773194852
13457856412
18832217108
15352200622
15566412616
18652002965
15087388748
15840257710
13196978058
15125163544
17680242286
18605765639
15281470813
13632849622
18015861379
18074794785
16693619936
13297354383
13421494562
13560935586
17770130499
15501982122
17333515602
18335941073
13978176302
15377655700
13293180058
15025206581
18805390305
13389859331
15115836090
15106958737
18228258007
15737067023
18972836972
13619029320
17377200492
19988399553
13319690441
17527765221
18037207215
18642232398
18058348193
15555040555
18876604910
15257224485
15528708252
15680137910
18475094047
18075931504
15555311663
15079825677
18877313807
17604547904
13611486838
13936303212
15657550880
18344790605
13272415376
15399158695
17612318445
13198560857
15883487257
15608900574
18280706527
15559071907
13368026809
18288616889
17771903344
15690862528
18277057569
14794348439
18691450959
15876491255
15228407556
13628419263
19116035848
18565172078
15525903777
15634503715
16744572865
18309530010
15334593695
18961806142
18684167049
13639825306
13208425556
15986444599
15369979757
13341300434
15330368118
15387155220
15657512189
15625899597
15223185794
18923428789
17633554485
15978955973
18783404254
13092849791
18467048804
13907519934
15679788112
18026343491
15635599356
13208926630
15673912333
15503871861
17373826674
15773013025
17303898657
17381617325
18283521185
15383592331
15335741666
18111430985
18669237096
15242378914
15334346570
18768528006
13018189610
13283121526
18603099518
18932471172
17763664454
17310561669
17604225784
13038579021
15325818579
15543427365
18790122994
13786688677
18566103444
15937117386
13657721311
17820525885
18775213553
15522801529
18608339301
18385821312
18147643274
13106553282
13555827343
15376984152
13017773592
19931322818
17300228195
15585767576
18607059881
18781486001
18962295539
13419529351
15637799603
18655096515
18276205581
13250147271
17665041314
18948106514
18573642457
15817780132
15658238180
13077773394
15896105541
18570326037
19977262710
17821828736
15608136668
18633778367
18628530620
15502092272
15918957447
15598234062
15617626986
13008559568
13637751824
15549917061
13390773126
15917537604
18077680020
18213976259
15941160438
18821979894
13036581820
17737936556
15736692343
15112871711
15566657692
18625659175
18909647135
15272670439
18698781205
13125180403
15623656935
15347288186
17787226263
16621061074
17771454072
15523587275
13247119536
13175301486
16673301847
18989561279
17764904797
13581434783
18848284660
13802720689
18628454438
15666221819
18889820910
19852219719
18275222364
18773444309
13318165674
15623339221
17601431530
15619039795
18009875000
18664692147
13034199016
18626333899
17551765439
15670999049
13882841193
13238607507
13060232193
15361874863
15621106335
18627116802
15575454120
18505147187
13203705554
15379991028
13183920310
13164684228
17688506554
18183176659
17730508275
18306655756
16603377129
15588400228
17506068988
15193778943
18579518417
15387115272
18128908932
17775105347
18583958580
17779898114
17671764019
15388461595
15709794884
13038058000
15390329520
15669290850
13868780948
15397676789
17313417976
17683913411
18500066114
13320401678
15397339292
15136931609
17671259836
13984160686
15709744200
15331784183
15934599610
18467040407
18641736368
18573918061
13187409421
15045470816
15877514941
18816494147
17688003209
18580534912
18877210960
15576398610
13306361778
15949692606
15698626461
17602357416
18140553009
13365396502
17345357048
13285212531
17503051197
18559841006
17620522205
19923049005
18487518643
18873585695
18931995958
18693700888
18467053168
19947819917
15111748640
18335592401
16634035200
13934301711
17803554255
18467049270
18673983742
17346871715
18889521041
13897142429
18159358356
13593496703
18577072005
18588446269
13838345279
18830968017
13317780503
15912580343
18185384302
13329779937
18176912257
18974317481
17339083812
18467106351
18830960185
13547587095
13213737613
17301727391
17799326304
13576323609
19970463998
13692547587
13049556697
18858381143
18759017931
18634905185
15139267853
17718701036
18680703001
18652982374
15286505466
13867031037
18620913458
13144857909
13568853435
17547079264
17856915112
16607733774
17607665692
19974874256
13232167442
18681885961
15865361716
13479464193
15277963481
18172065129
18297041450
13036242668
13571730671
18650662578
17375115391
13054008320
18502258223
18777171601
15347390205
15288739390
13963740952
18007137221
19185524562
13520106314
17775620581
18154654378
13397634059
17670351862
18579936787
18507451930
17681010448
15579692938
13036215085
13260588158
18504116668
13634382331
13627613047
13647398622
18565838390
13066465936
18877303974
15111743093
18607078210
18296519363
13291901891
18679370165
15290818037
15085500947
18666262251
18676971519
15391682612
17688557617
18569553718
17679223126
18581012384
13760503379
18225811180
18551818851
18166277394
18586675702
13187852830
18174895606
17734888980
13485360678
15623423590
17635725920
17530389819
18608739738
19939804152
13873391408
18879474257
18635913611
18501549688
18649338575
14797683116
18374684366
19939659729
17681621675
18251767675
18649568212
18573449352
17602301897
18467045775
18978397410
18089512646
19810913886
18883827728
17645352520
17633877434
18570462377
18355075603
15320846198
15202387078
17610077066
19117910970
15523831345
17634550424
18135006216
18773506726
15774207067
15207664264
15013981501
18633837808
19939659209
18297184676
18878441933
17656226615
17720988752
13339875375
16623110841
17386046804
18076459364
15332407096
13372522374
17739051103
19961653360
19152345546
13754979819
16689505223
18626189907
15344417240
18178651242
18976437867
15368877361
18224416450
17379831759
17897113194
17771281979
15801462046
17771895246
18107341234
15330483536
17609801522
15523847320
19102362084
18987371486
18206829763
18269614798
15821948026
18179151175
18005483203
15119651460
15581481568
13668489168
18594237945
15000276826
17719131982
19865877267
18298755750
15999757111
15760319384
13377762551
17683707564
17378910979
18323206805
18080883592
16675245342
16683092201
18677205208
15025500028
13339717187
15308077059
18434794456
17754775363
13320802195
18312068902
17680250084
18163152386
17323664495
17665672132
18314139813
17327060708
13907576254
18636253639
13320868793
13399839616
17521639363
19989982026
18227420520
18368409770
18307880371
13367949040
18076394467
13399816700
18900780275
15171816671
15883855007
15346308027
17636359871
15010754683
15990735930
18162236032
15183905391
15922821633
17779865215
17772973070
18178841956
18172117131
13098934803
18169358289
18017524192
13002067090
13013300758
15845817848
17777393721
15980453019
15083852938
18988042464
13771058402
18034506665
13633502438
17774825244
13452704022
18523804543
17768790999
18140447131
13330747630
17520304919
18986272192
18235804079
13326156495
18988047546
19934126384
18071068155
17777522803
15025051706
19989960504
15359831562
13310405505
15006038994
15016636700
18197186855
13568273791
13806809415
13272882578
15817865517
13782433089
18032339520
17782239091
18774483996
17635877144
15303137648
17635154392
18260312421
13513926378
16623101043
13357155119
18950990815
15232413315
13183927715
15578402814
15296678103
15291588535
13619774634
17800754790
17313636226
17508581002
18180444326
15760046973
16723858848
15191724045
13994937301
13324736354
17702321455
15676825593
13333798695
15127544753
18269070256
17632053093
18804294850
15030804866
17771200916
15364273262
18977296062
18579728812
13977761012
18229921231
17374424543
18924342410
17378166014
13548208200
18036256098
18074733104
14797667562
19995864686
18011211194
17327380221
17753256526
13031385850
13217996701
13891714145
17684043626
18487499284
18707518939
15777400707
18030076861
15232429225
18326032929
15888906124
13763239035
15367955724
15127458664
14776302530
18945672650
18255972110
15127561459
15196692165
19931671353
15999031894
13668466958
13369215463
18985228290
18636065191
13036502362
17777494439
15232560492
18584582643
15057145979
18032789673
18727539128
17326252610
18062613676
18170244959
17774844073
18184846821
18990912112
18983705054
13353805084
13471566540
18990653712
15356423670
15272777181
19152345702
15172223410
17777162133
15388432978
17848369234
18057056924
17688559708
19960315954
18580485566
15126733975
19175691658
13435770228
15772030562
15579683650
15370591013
17783991827
15310525267
19976349887
15809754263
17269523623
18977355248
18174616008
18481133983
19980210709
17738264539
15394453052
18026424518
13283616313
17754367948
15218507061
15806224887
13409834080
18119621867
13764019185
18797040506
19175699678
13990471544
18377364374
15342225669
17707892931
17345216650
13338764167
17739078580
13136057000
18908880959
16689545351
18635644851
15534801947
17772085716
13440052892
17362346734
15211084568
17323622597
17166368555
18129978557
17374662116
18695043380
17381220519
18819047584
17620558481
13333433674
17769339287
18983401716
17753125849
18986650998
16562216401
15882777471
15347107840
13035603152
18081563036
18015274951
18815835127
15176362769
18003140164
15353496043
13047704777
18035100692
18824663139
13342694634
18174115163
17740552742
15377830714
18076231716
15148189222
13097339762
13156791876
13087282120
18715838506
18634844505
19958647569
19958647569
19915877717
18175711601
15350281466
18188330803
15999533975
15326593765
16621265675
17785533019
13324735671
18145683886
19915879083
18099996796
13709372220
18761692281
18659097770
18118861333
18695533637
17772387925
17674091109
18316141272
18007884622
15977609707
18181114785
18974563304
18076686241
18715748450
15520045924
13053304378
18593157884
15325823782
15523300231
18088453370
19942296128
18395011149
18095629553
15092514667
15340664100
13202551987
18150430671
18646605112
18133518389
18995365196
18170738486
17707892987
15389871166
18978626180
17785195439
18973546569
18135811833
18047340881
13313045832
19176610201
17771850315
17836205942
13340824587
18940077888
15826002621
18082993021
13557945756
17792759621
13152984957
17707827017
18079976697
17516227110
18252298977
15932677720
18113675373
18078402812
15665605009
17776277989
17774841292
17759506220
18196160276
18000681335
14769624742
18074757464
15278952170
13315521771
18148050789
18104995206
18985273836
13433644059
18979486002
18174141140
13387989243
18024375146
15961666448
17708426419
18172350206
15169117689
15327128652
17387933035
18011947268
19113908404
18008011837
18001988043
18956742616
18978314571
13313900813
18982611973
18970272217
18938629969
18780534469
18156888430
18172237071
18090282857
15310676342
17773910110
13349623456
17718027504
15342736606
18979066252
17771737137
13393615168
18573193310
18081601239
13327355275
18175731598
17762735586
13321932173
15308876501
18158105116
18096310641
15305206533
18178276281
15315217585
13595942352
18077311917
15360664562
13056049815
18996702192
13339112969
13367099944
15853207120
18826468802
17362335854
18042997328
15828527585
15877848668
17773991559
13303376419
13375013888
15350867115
13392371670
18166447594
18137209055
18108307742
13360771581
18162371825
18173568908
18948132876
18604522531
13224126351
15390199410
18064841087
13367932435
18847773521
18989165299
13364930021
18326198284
18008852062
18148904450
18064899909
18981446723
13346646384
18937270063
18192536568
18187764326
17721339678
17387853854
13116632598
18146944777
15398538003
15350855508
18002169266
17326655025
19971069996
17710619396
17359498386
18957459912
15328822611
18182949535
17387793544
18977825336
15213406466
18148425666
15328858658
15024390019
18070819212
18166384699
17323759129
18177807913
13831851695
17306083642
17320399219
13693331602
17820773287
15053302469
13398636967
18986776140
18907702661
18359664765
19936693410
18115469849
18970562699
18182934670
15777802001
17097571397
18076397261
18956037010
13453138126
13121116358
15362412844
15879716994
15312723968
18935417272
18068865118
18146778744
17786455774
15386966622
13340870578
18977092836
18195043742
17776505512
17313789431
13231272796
19957341041
17387860813
18095655537
18090509196
15378575062
17741645456
18140360259
13330951539
13368729847
15583625387
19979053873
15389284745
18079934141
19978817624
18052774778
18180146844
17377471745
17784607923
18094371309
18972969779
17623849068
17791320763
18187414220
18107376483
18166023519
15095844419
17368403046
18992537167
13516589193
13177399047
18932925127
17739219689
17719796912
19937873366
17308865554
18048848863
18177825237
15345320314
15376917572
17395424047
17848361920
17368477214
18162666620
18021386436
15398726778
15326150557
15385919826
18060619557
15289379151
15347301284
18148732654
17161316874
18166590537
13761379393
15307857135
18987282043
19960992715
18097899440
18952552257
13086346120
18774738981
17876804737
18334692377
13092176958
15503478152
13687946288
13516279791
15971969570
18671443990
13994956858
13879925177
18778211450
17398972807
15075770578
17585223004
15135829183
15671597712
13796158206
15536001681
13941795153
13215203718
15342354801
13255774284
15979306757
13050771352
13920358447
17338977597
17707895345
15274072185
19909005370
18808937811
18306179655
13388900226
18060061068
13667110281
13023951305
15708401679
17783837395
13137279395
18014263013
13267428723
13347974360
13859315073
15625276196
15131155522
17771016270
18477284161
18681387906
17363629296
18073721561
18928409812
15307727571
17380520770
13610176827
19802527260
13132804978
17560614629
18283640614
15595362419
13109665383
13889840065
18976451667
15109827495
18645398131
18677856816
13072483351
18407622663
13878951722
18208703623
17338701975
13959975011
18287267379
19995964562
13137763701
13575788767
15520336607
13149282678
17872842313
15071343884
17628623417
15103905229
18791723181
18779592016
13028478921
18674775315
18985778771
18383667217
15086908368
17670962371
17673816662
15626092418
15549532336
19992619702
15991033552
17853739873
15880698865
13453622377
13006067901
17814955213
17585339940
18898713863
18580508990
19881690552
15681596709
13005734893
13086776070
13223370278
13891588485
13157153852
13771039669
18689580967
13981670910
13296761932
19169253701
15809863445
13292568486
18321257404
17691179838
15126448923
13891747277
15223515914
15139800881
18313317771
17625126903
15074942486
18265988263
15884172384
13248181070
17335707712
16652251192
18963408585
15026391001
15172359766
13096367763
15114418766
13668768893
13946077884
17387365059
15394310641
18550787295
17612041720
19933357920
15120250327
13666296486
15888283217
17898128828
18670488803
17898177749
17606055544
18151993035
18582047934
18350253117
18190346623
18784125351
18835424353
15250370920
13607879278
17308846203
13786352427
13822147573
15777157219
13308765437
14787600039
15977339406
18553603370
17677567056
13634688162
17869162074
17389003057
17674015372
13539290651
15018215684
15035410780
17746680577
13648256321
18717176969
17719120683
13019456957
13850902831
13438514119
13652148717
18716447840
17628305251
17634977212
15838508359
18295366618
18208213665
13888825449
15839743343
13131687760
18072723864
13275095861
13296707978
15383514401
13333313340
15177339001
13659268025
18776003494
15647611607
18178589920
15350877590
18683639371
15673447251
17602040162
15640001114
13393803570
15642714007
13597855918
15707906072
17320390945
18041935541
17738817829
13092716878
18303507977
18824404652
18250573649
17830283624
17602051482
15281073190
17881510890
15309944848
16687403606
13500364032
18871775082
18212779940
18587135803
13613555355
13419182517
18211272910
15564732307
15679748685
17713433016
17553043560
18684137089
17625811347
17623536443
13110900739
18522605799
18295502121
13861847752
13378785854
15899983557
16605501441
15911446359
15085693109
18869007671
18257958517
17318686387
15094381108
13132990485
15277975948
13023458294
13078247707
15772764283
13440194451
15993316797
18276591918
18392117445
15983555644
18850353500
17375182124
13278971475
13008579370
13013348345
15352101658
13078687663
18622936893
15087994100
19961165120
15220438228
15802841964
18308288413
13251023236
15398307512
13912534710
18689772281
13598921365
13697132255
13040559707
18856815811
15280750282
17583106263
15347466122
18388661707
15703369296
19932830363
18632962073
15687991125
17610306515
15108802994
19932830392
13101351246
17307094075
13030171735
15087949056
15113203002
13005928379
13658664194
18561793926
18069423730
13007232171
18721875346
17392471772
17736737512
15703323245
18081392631
17560371574
15732689404
18313365548
15235772141
18107969255
13243499599
13135505065
19908111382
15236250030
17896143803
17560392330
18885242867
15736990968
15165409597
18081302813
13039902777
18508306889
18908777533
15733555061
13005728430
13703536680
17600181676
18630788615
15333354279
15328350339
13255538260
18799050003
13088323537
13227840397
18402918844
18729536757
15091525548
18635129823
15881422228
17378487808
13508969853
18257864902
18388212315
15890946000
13754720962
18079663644
15636655789
14762754573
15258800675
13426079117
18666558941
15572332014
15547612555
18570664205
19180454495
18318182787
18209850292
18314259260
13452471113
15520816283
15828293165
17723591429
15297048294
14797683503
13153690201
15009765421
13649766004
15729810540
18467046174
18184794182
13649754762
18475038117
13170593486
13356492770
18382411459
15507699103
18507327628
17340443276
13011318062
15962265896
13146365829
17897790279
13833169099
15851669637
18212700909
18111182881
17844262182
16670837296
13843046231
13541587695
14767203489
18308342238
17721994463
18813566005
13835044524
18724699464
13345122057
17687957335
17398848609
17589725944
15304000124
13891752273
18323694995
15985995979
18273820050
18300021565
17635243211
15880959455
18278309300
15070483230
15687690669
15927650963
13843127471
13628810462
13350072833
15373908030
13970793645
18221219928
13972189255
13580627492
18328703261
15857333826
15138114384
18105995557
18399569472
17633170718
13294249589
13287252335
18107311597
18570278859
13112221167
15317334939
15536179484
13883080575
17323777058
15127411257
13666005186
15766185931
18320017863
13535517029
18467042603
18320049481
13157334909
15232541423
13729547159
15674076639
14739545828
13538947993
18292534032
13423609315
13423675205
18717112750
15710920147
18203604061
15013226576
15710921437
14739379847
13759854338
17689328850
19932831295
18086949592
19932830593
17689402344
13422124741
13728080406
17358886104
17538149878
17614055644
18221214744
13416483642
18313890720
15272344952
13725479642
19932830059
19932830989
19932831301
15713970611
13704095647
13919895886
15088612523
19932830689
15170520354
19932831150
19932830380
18735022877
18219495740
15289581440
19932830572
19932830083
19932830791
19932830373
19932830170
18713932003
13537376026
17635015138
15930215032
19932830513
17777494930
18485568700
15534373956
15885587994
13468311052
18248477240
15759676890
19932830817
15213665349
15233106127
17531103506
17680517675
13222421410
13330752445
18306548942
18831531504
17829900290
18220231115
19937660632
19937335065
19823355288
13098981388
13680502429
13550224705
18483527389
15351282195
18532182383
18250623189
18665032410
13424222200
15287988470
19982523084
18532680780
15343320188
13694950273
15137020563
18826511825
17756135183
18072590655
18867020110
15880012119
15096525796
13798295678
18672013719
19932833805
19932830921
18881503529
18968848856
17380903021
18333041110
15566607450
19950884096
15982555297
15508805582
13171963822
18071539559
13353320191
18143449901
18677272475
15547723991
18858616874
18716451112
17392528519
18620589419
15912326642
19950884906
18269581757
13729633773
13006665782
18919808693
18785220414
15876305375
17760100685
15077792840
15763572539
19156764569
17630229304
13378327279
19115847270
13114170363
19948666752
18949305156
18225034811
15759598776
13087461271
18387676175
18725105545
13835057816
13535951463
18727212560
17724315164
18715773300
18720111152
17869965919
13455911787
18890586650
15755261189
18790447330
13802244683
18176645425
18187421474
15959081443
15296361339
18883389665
18314058019
18313731713
18792612276
18335506206
13544702268
15003397831
13132287078
13982740899
13863373830
15242116544
18244374436
13057195361
19978255409
18181308521
15073950030
13586989269
18979266465
15779163051
18375956476
18271540520
18721733464
13861178404
15312567932
13709205505
13586017425
18753650690
17871179198
19959100022
15737166069
15878398084
15887428170
18325406298
17612943362
15691703563
18392741384
15829506828
15934515293
18516013793
17346908235
19937660331
18279544934
15755760869
15778509372
13577039004
19953730186
18879889881
13023291861
19156756786
19854153803
18735750741
15778803450
18379242854
18070319643
18579127591
19918741055
15808779744
18370664657
17606054953
15060978085
18700439656
18391815518
13272131073
17345152607
18385306464
18458097141
19115847330
17585962381
13020213210
13310283697
18700711811
15616918153
18073505346
15630982736
15687863560
13342114648
18675779187
15674162520
17365749607
13317411256
18208885764
18700037727
18295915631
18801459465
18756398353
18098535041
13634900617
18282358376
13705395837
13752651726
18700601651
13517337772
17789657744
16647639061
18049624480
18358920536
17779774889
15271620306
18382225675
19974543190
18896264872
18339725349
17829171873
15188919050
18818715875
13649427773
18827271194
13044582260
13263822850
18868301036
18815170058
18973539332
18857886185
18306976584
19936306233
18823289744
13257776557
18824917821
13658422260
18278882857
15186608244
15183504885
17723197875
13972878202
13599563001
18672326635
18585708650
13507303465
13908731025
18823423483
13997820927
17802765095
18020699277
18871469346
18889199537
18850205850
13025577333
17623827092
18377892066
13599182671
15023762689
18770454445
18374509319
18203560588
13886066040
18223613399
18857715915
18826123624
13514183000
13022582069
15340503755
16655177427
13422559508
18859238571
18898936743
15029935321
18721981827
18287386999
18890283630
18853161889
18757439959
18818678786
13559599459
18869702913
15577278121
13790913876
13816728308
15390441967
18982277023
15974337478
15123785153
18320929043
18889704906
18281389899
17623819917
18792977707
15880973590
18266744324
19983915545
18261635581
13555359173
18985979086
13698335052
15928230715
17369288396
18756847576
15054575052
13843143902
13799763221
13919513349
13457181642
13576869367
18209922870
15297804502
13980957847
18467109862
13361347807
18877447170
18268701835
18787060579
15135776380
13170520006
13147237631
18827439687
13388762184
18799764000
15152590178
15557671631
18786223764
13794961206
13220094555
15126886837
15938205793
13503235907
19903762102
13104996371
18278582731
18269021699
18406653797
16637637380
13856528633
13417355129
16621664815
18882088509
18300028335
15228410663
15863606139
13319381976
18248507237
18210525015
13973648265
18853501913
13668903365
18797338789
15706519506
18340985295
13879958620
17345496216
18382755680
17837636557
16604780175
16604780175
13599186593
17607645202
15591707893
18115849586
13785158003
18573716751
18757175858
18320439072
13253885632
17320191570
18487197648
18358153886
17639718651
13321794868
15398518141
18206988315
13117114711
18213798427
19977958930
15334210296
18840455179
13333375721
15200566154
18287141711
19992608121
13753675815
18577361227
13133747759
17674742156
13268579149
17606073212
13136116022
15367194316
13935524420
15376852786
18203469230
18335798456
18859598320
15555222499
13137905457
18278282719
15260522395
18275444774
19950941252
17395274139
17840135336
17335869264
17785229764
13056662695
17607137714
18722184355
17802363621
13294885181
18977373480
18344078896
17693827787
18213263343
18717177151
18582996659
15892176508
18077750371
15176511081
18877870688
18239759212
15546503707
15585209131
17309012597
15522576154
19834424774
15151603696
15670081301
13143332569
15809008713
18235567860
18623818586
13307104303
17368876737
17551585545
17788519420
13087775815
18777083593
18174759301
15888698998
19189743759
17305581217
15094108342
13016591250
18776687471
18383579947
15879663997
15329228591
15946325700
18220797449
13613460770
18208375650
17365768743
13257857025
18593113867
18287687463
13450628166
19130059817
13409877430
17608361485
15198673573
18279804006
18862186609
18552434841
18373665950
18314688095
18277257252
19967834643
13785993409
13698992087
18327539190
18485411655
16630822346
13349921070
15595775870
18172217195
18201971195
17608291479
19890803859
13628270026
17558444806
15340584719
18837163914
13689148988
19933357480
18312555117
17731608739
18266961818
13557368767
18731655333
13276964886
15902340005
16601104864
19977231417
15847487982
18559493146
17374836160
18835632643
18776551581
15674195285
15812818670
15165687158
18245454558
13518170007
18287775137
18674719579
13369595606
17358569623
17683858231
13679043309
15342617063
13108219509
17776359783
18581230150
15003041998
18512866593
13889769322
15103434374
13154678325
18281916944
18701871723
13519212219
17345124283
17882461148
18304140688
13590595100
15115540000
17612976863
13436055343
18724907380
13159653737
18707336868
15925366427
18315678913
13042098820
15877943293
13227061103
18839718935
17691345934
17868643641
18828054652
15760136170
15683378855
18977874162
18376119811
15235524173
18807427819
18271512406
17752792164
18627433766
18388674259
13885230851
13118949471
18296529393
18345946747
18344551171
18983302585
15347463447
17101116020
18274124766
18960607158
17869969489
15663620846
18677248602
18209639162
15681448144
18610588913
15892425286
18626835972
18871709759
